PEN #FFFFFF
FILL #FFFFFF
RECTANGLE 0.361928 0.188725 0.580065 0.375000
PEN #FF0033
RECTANGLE 0.359477 0.426471 0.598039 0.578431
PEN #33FF33
RECTANGLE 0.325163 0.627451 0.643791 0.788399
PEN #FFFF33
FILL #3333FF
ELLIPSE 0.189542 0.255719 0.323529 0.370915
ELLIPSE 0.336601 0.379902 0.464869 0.459150
ELLIPSE 0.478758 0.468137 0.535948 0.503268
ELLIPSE 0.334967 0.107843 0.429739 0.217320
ELLIPSE 0.447712 0.229575 0.555556 0.335784
ELLIPSE 0.165850 0.117647 0.265523 0.192810
ELLIPSE 0.302288 0.231209 0.398693 0.328431
ELLIPSE 0.102941 0.344771 0.193627 0.429739
ELLIPSE 0.225490 0.445261 0.350490 0.532680
ELLIPSE 0.227124 0.355392 0.312909 0.424837
ELLIPSE 0.316993 0.430556 0.410948 0.495915
ELLIPSE 0.336601 0.279412 0.447712 0.374183
ELLIPSE 0.449346 0.375817 0.540850 0.453431
ELLIPSE 0.396242 0.183007 0.460784 0.257353
ELLIPSE 0.468954 0.262255 0.546569 0.334150
